a = 12 * 6 / 2
b = 30 - 25
a + b
